Wall
1|1|0
0|0|0
Wall
2|1|0
0|0|0
Wall
3|1|0
0|0|0
Wall
4|1|0
0|0|0
Wall
5|1|0
0|0|0
Wall
5|2|0
0|0|0
Wall
6|2|0
0|0|0
Wall
7|2|0
0|0|0
Wall
8|2|0
0|0|0
Wall
9|2|0
0|0|0
Wall
10|2|0
0|0|0
Wall
10|1|0
0|0|0
Wall
10|0|0
0|0|0
Wall
10|-1|0
0|0|0
Wall
10|-2|0
0|0|0
Wall
9|-2|0
0|0|0
Wall
8|-2|0
0|0|0
Wall
7|-2|0
0|0|0
Wall
6|-2|0
0|0|0
Wall
5|-2|0
0|0|0
Wall
5|-1|0
0|0|0
Wall
4|-1|0
0|0|0
Wall
4|-2|0
0|0|0
Wall
3|-2|0
0|0|0
Wall
2|-1|0
0|0|0
Wall
2|-2|0
0|0|0
Wall
2|-3|0
0|0|0
Wall
1|-3|0
0|0|0
Wall
0|-3|0
0|0|0
Wall
-1|-3|0
0|0|0
Wall
-2|-3|0
0|0|0
Wall
-3|-3|0
0|0|0
Wall
-4|-3|0
0|0|0
Wall
-4|-2|0
0|0|0
Wall
-8|2|0
0|0|0
Wall
-4|-1|0
0|0|0
Wall
-7|2|0
0|0|0
Wall
-5|-1|0
0|0|0
Wall
-6|2|0
0|0|0
Wall
-6|-1|0
0|0|0
Wall
-6|3|0
0|0|0
Wall
-7|-1|0
0|0|0
Wall
-6|4|0
0|0|0
Wall
-8|-1|0
0|0|0
Wall
-5|4|0
0|0|0
Wall
-4|4|0
0|0|0
Wall
-4|5|0
0|0|0
Wall
-4|6|0
0|0|0
Wall
-8|1|0
0|0|0
Wall
-4|7|0
0|0|0
Wall
-8|0|0
0|0|0
Wall
-3|7|0
0|0|0
Wall
0|-1|0
0|0|0
Wall
-2|7|0
0|0|0
Wall
-1|-1|0
0|0|0
Wall
-1|7|0
0|0|0
Wall
-2|-1|0
0|0|0
Wall
0|7|0
0|0|0
Wall
-1|1|0
0|0|0
Wall
0|6|0
0|0|0
Wall
-1|2|0
0|0|0
Wall
0|5|0
0|0|0
Wall
-2|2|0
0|0|0
Wall
0|4|0
0|0|0
Wall
-2|1|0
0|0|0
Wall
1|4|0
0|0|0
Wall
1|3|0
0|0|0
Wall
1|2|0
0|0|0
Wall
-4|2|0
0|0|0
Wall
-4|1|0
0|0|0
Crate
-6|0|0
0|0|0
Crate
-3|0|0
0|0|0
Crate
-3|3|0
0|0|0
Crate
-1|3|0
0|0|0
Crate
-1|4|0
0|0|0
Crate
-3|5|0
0|0|0
WallAlt
6|2|-1
0|0|0
WallAlt
6|2|-2
0|0|0
WallAlt
6|2|-3
0|0|0
WallAlt
6|2|-4
0|0|0
WallAlt
6|2|-5
0|0|0
WallAlt
6|2|-6
0|0|0
WallAlt
6|2|-7
0|0|0
WallAlt
6|2|-8
0|0|0
WallAlt
6|2|-9
0|0|0
WallAlt
9|2|-1
0|0|0
WallAlt
9|2|-2
0|0|0
WallAlt
9|2|-3
0|0|0
WallAlt
9|2|-4
0|0|0
WallAlt
9|2|-5
0|0|0
WallAlt
9|2|-6
0|0|0
WallAlt
9|2|-7
0|0|0
WallAlt
9|2|-8
0|0|0
WallAlt
9|2|-9
0|0|0
Wall
6|2|-10
0|0|0
Wall
6|1|-10
0|0|0
Wall
7|2|-10
0|0|0
Wall
8|2|-10
0|0|0
Wall
9|2|-10
0|0|0
Wall
9|1|-10
0|0|0
Wall
6|3|-10
0|0|0
Wall
7|3|-10
0|0|0
Wall
8|3|-10
0|0|0
Wall
9|3|-10
0|0|0
Player
7|2|-11
0|0|0
Wall
5|2|-10
0|0|0
Wall
5|3|-10
0|0|0
Wall
5|4|-10
0|0|0
Wall
10|4|-10
0|0|0
Wall
6|4|-10
0|0|0
Wall
7|4|-10
0|0|0
Wall
5|5|-10
0|0|0
Wall
8|4|-10
0|0|0
Wall
6|5|-10
0|0|0
Wall
9|4|-10
0|0|0
Wall
7|5|-10
0|0|0
Wall
8|5|-10
0|0|0
Wall
10|3|-10
0|0|0
Wall
9|5|-10
0|0|0
Wall
10|2|-10
0|0|0
Wall
10|5|-10
0|0|0
Crate L
8|2|-11
0|0|270
WallAlt
5|3|-11
0|0|270
WallAlt
5|4|-11
0|0|270
WallAlt
5|5|-11
0|0|270
WallAlt
6|5|-11
0|0|270
WallAlt
7|5|-11
0|0|270
WallAlt
8|5|-11
0|0|270
WallAlt
9|5|-11
0|0|270
WallAlt
10|5|-11
0|0|270
WallAlt
10|4|-11
0|0|270
WallAlt
10|3|-11
0|0|270
WallAlt
6|1|-6
0|0|0
WallAlt
6|0|-6
0|0|0
WallAlt
6|-1|-6
0|0|0
WallAlt
9|1|-6
0|0|0
WallAlt
9|0|-6
0|0|0
WallAlt
9|-1|-6
0|0|0
WallAlt
7|-1|-6
0|0|0
WallAlt
8|-1|-6
0|0|0
